ASC_CAR = -3.7349909428321015
ASC_SM = 0.03162135077680339
B_AGE_1_CAR = -0.9104959092937503
B_AGE_1_SM = -0.6828405152894146
B_AGE_2_CAR = 0.3894524944595377
B_AGE_2_SM = 0.7436995532583623
B_COST_CAR = -4.869541822465928
B_COST_RAIL = -7.735741742383025
B_COST_SM = -7.1544910017870365
B_FIRST_CAR = 0.2792794448172365
B_FIRST_SM = 0.4392825059346872
B_HE_RAIL = -0.557389613358012
B_HE_SM = -0.14460460490761723
B_MALE_CAR = 0.6520653167434131
B_MALE_SM = 0.415469174324894
B_PURPOSE_1_CAR = 2.851317118994697
B_PURPOSE_1_SM = 0.18785760730725126
B_PURPOSE_2_CAR = 1.9256462868156516
B_PURPOSE_2_SM = -0.3298823759266736
B_PURPOSE_3_CAR = 3.294415519185255
B_PURPOSE_3_SM = -0.1650294192228471
B_PURPOSE_4_CAR = 4.546812808218497
B_PURPOSE_4_SM = 0.434227977448768
B_TIME_CAR = -18.88282295489121
B_TIME_RAIL = -15.495032256494246
B_TIME_SM = -9.27532088339018
