ASC_CAR = -0.9174656186743348
ASC_SM = -0.18811200535774555
B_AGE_1 = -0.8735682261634772
B_AGE_2 = 0.5782100700245426
B_COST_CAR = -3.983088943570702
B_COST_RAIL = -7.468090126663042
B_COST_SM = -6.6924704743434065
B_FIRST = -0.13731272193739513
B_HE_RAIL = -0.5620897090364048
B_HE_SM = -0.12893170807703142
B_MALE = 0.5840775262796986
B_PURPOSE_1 = 0.3979059650624648
B_PURPOSE_2 = -0.17769385753373226
B_PURPOSE_3 = 0.2975676596402642
B_PURPOSE_4 = 1.0725804027828272
B_TIME_CAR = -15.747308395540527
B_TIME_RAIL = -15.945928380113843
B_TIME_SM = -10.993066099498158
